Configuration: deeplabv3_resnet50 Epochs=20 LR=0.001 BS=2 Loss=BCEWithLogitsLoss
Training Losses: [21.870923057198524, 18.743899017572403, 17.724729910492897, 18.714903503656387, 18.572955086827278, 17.689402163028717, 17.5474853515625, 18.231581285595894, 18.014122173190117, 18.031521379947662, 17.586370825767517, 18.21439093351364, 18.24339558184147, 17.724194675683975, 16.86951345205307, 17.44311833381653, 17.063366889953613, 18.199149131774902, 17.516729056835175, 17.526914075016975]
Validation Losses: [0.4982507367928823, 0.4706252872943878, 0.8441815346479415, 0.7018350084622701, 0.516999348004659, 0.46189614832401277, 0.47429485817750294, 0.4700624336798986, 0.6219692905743917, 0.5916484206914902, 0.5310454140106837, 0.4441504379113515, 0.5067566017309825, 0.4515276521444321, 0.4280866722265879, 0.4160346508026123, 0.5025942762692769, 0.4681849231322606, 0.4435347517331441, 0.4384960492451986]
Validation IoU Scores: [0.6221293131510417, 0.6492848714192708, 0.19784749348958333, 0.7519612630208333, 0.7300679524739583, 0.8372426350911458, 0.5329915364583333, 0.929845682779948, 0.518163553873698, 0.6344991048177083, 0.3407999674479167, 0.5458033243815105, 0.7352437337239583, 0.7122451782226562, 0.7086146036783855, 0.7197916666666667, 0.7546401977539062, 0.8476114908854167, 0.9005462646484375, 0.7279403686523438]
Validation F1 Scores: [0.7417051201462237, 0.742608844811112, 0.2872299095918777, 0.8162468644178843, 0.8374750565814132, 0.9074433139640579, 0.6374699603666815, 0.9605333458580584, 0.6459104252478861, 0.7658655051262422, 0.44305754215169774, 0.6834468992605188, 0.8382588673322651, 0.8169163328347655, 0.815164012655298, 0.8230326904648504, 0.8331732504704698, 0.9141047068424153, 0.9468480024638795, 0.8373666051363556]
-----------------------------------
Configuration: fcn_resnet50 Epochs=20 LR=0.001 BS=2 Loss=BCEWithLogitsLoss
Training Losses: [20.934495449066162, 18.893402189016342, 18.732083663344383, 18.29318630695343, 18.382083386182785, 18.186041176319122, 17.88702240586281, 18.148328691720963, 18.161932349205017, 17.893113285303116, 18.947013407945633, 17.38711342215538, 17.718606770038605, 18.708227425813675, 17.91736264526844, 17.81427076458931, 17.39168691635132, 16.807554095983505, 17.53808704018593, 17.6867503374815]
Validation Losses: [0.5291986087958018, 0.6728107780218124, 1.3782400260368983, 0.4462835490703583, 0.4626522074143092, 0.49315131902694703, 0.45238043765227, 0.4562269429365794, 0.445168536901474, 0.43538811554511386, 0.44846516847610474, 0.45601549446582795, 0.4210751384496689, 0.4896082103252411, 0.41874047815799714, 0.41409085392951966, 0.4210058013598124, 0.4983543773492177, 0.4464737912019094, 0.4416926066080729]
Validation IoU Scores: [0.7472757975260417, 0.5929117838541667, 0.38934326171875, 0.9752543131510417, 0.7940434773763021, 0.9165685017903645, 0.67698974609375, 0.9206553141276042, 0.9494338989257812, 0.6771031697591146, 0.8056788126627604, 0.5326375325520833, 0.5669926961263021, 0.8748601277669271, 0.5960932413736979, 0.618524169921875, 0.6692794799804688, 0.6092503865559896, 0.61885986328125, 0.7859959920247396]
Validation F1 Scores: [0.8479700175386644, 0.7205010938945999, 0.5315654478739921, 0.9870653187808054, 0.8784419448013112, 0.9542866130147668, 0.7803705711729118, 0.9582842273194069, 0.9737484532551028, 0.7972154317417888, 0.8818050381943789, 0.6635437007785339, 0.6659460224310123, 0.9306749199186327, 0.7138883231175323, 0.7314341801423512, 0.7890222684319931, 0.7310972600797693, 0.7365258486951618, 0.8749858823595159]
-----------------------------------
Configuration: custom_unet Epochs=20 LR=0.001 BS=2 Loss=BCEWithLogitsLoss
Training Losses: [21.490656226873398, 18.481587290763855, 18.212316125631332, 17.95240244269371, 18.475285559892654, 17.30807936191559, 17.701122045516968, 17.910224556922913, 17.875732123851776, 17.97352586686611, 17.436890468001366, 16.873914748430252, 16.88829681277275, 17.270051673054695, 17.367984235286713, 17.073295205831528, 16.831735223531723, 17.23890843987465, 16.225882545113564, 16.726142212748528]
Validation Losses: [0.5088370660940806, 0.45960424145062767, 0.49159235258897144, 0.46021336515744526, 0.5976122717062632, 0.4683688163757324, 0.48060889542102814, 0.5026665478944778, 0.5290912250677745, 0.44456761082013446, 0.4509209215641022, 0.42157701452573143, 0.47727636943260826, 0.47155206799507143, 0.437570928533872, 0.4752325266599655, 0.4059256007273992, 0.4386732558409373, 0.49940774738788607, 0.4847486615180969]
Validation IoU Scores: [0.979242451985677, 0.884161376953125, 0.8049352010091145, 0.9416631062825521, 0.8525385538736979, 0.9782730102539062, 0.94979248046875, 0.8499165852864583, 0.42829691569010414, 0.9005015055338542, 0.7403640747070312, 0.7681564331054688, 0.6892695109049479, 0.9136474609375, 0.5668975830078125, 0.6493194580078125, 0.6138936360677083, 0.7739908854166667, 0.623974100748698, 0.6387339274088542]
Validation F1 Scores: [0.9894481131174643, 0.9377187563766961, 0.8848152712126498, 0.9681817384885264, 0.9103630085644029, 0.9889801283689388, 0.9735497246248281, 0.9121544486972819, 0.5657547781154414, 0.9465896493126896, 0.842119623126959, 0.8631324982813396, 0.807807644197387, 0.9544816148057912, 0.6860840376229492, 0.7771940085822029, 0.7451583472844571, 0.8634452862201718, 0.7570715329295098, 0.7636109131725648]
-----------------------------------
