Configuration: deeplabv3_resnet50 Epochs=10 LR=0.001 BS=2 Loss=BCEWithLogitsLoss
Training Losses: [8.07619559764862, 5.738519102334976, 5.30111899971962, 4.961783200502396, 4.655314326286316, 4.291231781244278, 4.319161847233772, 4.162867039442062, 4.082937240600586, 4.015144526958466]
Validation Losses: [219.7041358947754, 0.9118422269821167, 0.3890485242009163, 0.4270881190896034, 0.3505485728383064, 0.4194995313882828, 0.3388960584998131, 0.3286290615797043, 0.3248414099216461, 0.321993850171566]
Validation IoU Scores: [0.4339599609375, 0.6602039337158203, 0.6380252838134766, 0.6952705383300781, 0.6915397644042969, 0.6119174957275391, 0.6717605590820312, 0.6437225341796875, 0.6490726470947266, 0.6326160430908203]
Validation F1 Scores: [0.6003932965900998, 0.7925303220491597, 0.776827483089501, 0.8166264267930472, 0.8145100630636877, 0.7551556597278233, 0.8013967379968314, 0.7797785398306831, 0.782783373446923, 0.7729557597356406]
-----------------------------------
Configuration: deeplabv3_resnet50 Epochs=10 LR=0.001 BS=4 Loss=BCEWithLogitsLoss
Training Losses: [4.108585089445114, 3.1654851734638214, 2.8216787576675415, 2.539391428232193, 2.248567521572113, 2.2520627677440643, 2.146533101797104, 2.171187773346901, 2.108453258872032, 2.036334127187729]
Validation Losses: [43.81722068786621, 243.22228240966797, 5.925195932388306, 0.41980813443660736, 0.35945717990398407, 0.3335265666246414, 0.33293065428733826, 0.32345689833164215, 0.3231160342693329, 0.3289772719144821]
Validation IoU Scores: [0.49489593505859375, 0.09726142883300781, 0.3487129211425781, 0.6171455383300781, 0.6652698516845703, 0.6621932983398438, 0.6633148193359375, 0.6486320495605469, 0.6501426696777344, 0.6558303833007812]
Validation F1 Scores: [0.6619147280463448, 0.1744336346961266, 0.5008430150772456, 0.7619472449735764, 0.7975059782158191, 0.7967664610126598, 0.7967729716378463, 0.7856170149341543, 0.7856980216570575, 0.790779335581602]
-----------------------------------
Configuration: deeplabv3_resnet50 Epochs=20 LR=0.001 BS=2 Loss=BCEWithLogitsLoss
Training Losses: [8.032912284135818, 5.93312868475914, 5.068871438503265, 4.605980917811394, 4.357354536652565, 5.207418069243431, 5.726928561925888, 4.797158181667328, 4.60785648226738, 4.3610177636146545, 4.320403650403023, 4.237694904208183, 4.09819483757019, 4.040741384029388, 4.0024576634168625, 4.008743122220039, 4.132477357983589, 4.000904232263565, 3.919410541653633, 3.9574156552553177]
Validation Losses: [419.0218391418457, 0.6662040948867798, 0.35831454396247864, 0.6163303852081299, 0.34483738988637924, 0.378302738070488, 0.49593535810709, 1.2630928456783295, 0.5830917283892632, 0.37178991734981537, 0.7055363282561302, 0.3265634849667549, 0.3287769556045532, 0.3644697070121765, 0.34890302270650864, 0.3892475515604019, 0.35051555186510086, 0.39543601870536804, 0.3295333907008171, 0.3474355563521385]
Validation IoU Scores: [0.4594306945800781, 0.664337158203125, 0.6666240692138672, 0.6015853881835938, 0.6873455047607422, 0.60693359375, 0.8712425231933594, 0.8708553314208984, 0.7468910217285156, 0.6533699035644531, 0.54840087890625, 0.6427440643310547, 0.6474781036376953, 0.6408481597900391, 0.6691799163818359, 0.6712322235107422, 0.6709308624267578, 0.6260013580322266, 0.6360206604003906, 0.6325016021728516]
Validation F1 Scores: [0.6210094605554959, 0.7979735156279839, 0.7989384258722743, 0.7483660995613792, 0.8130090115324493, 0.7517328241189457, 0.930830924725474, 0.9255784201735315, 0.8522785612244581, 0.7834276367572814, 0.703197724984767, 0.7783535381340779, 0.7855886881229712, 0.779436151600313, 0.7937233349755117, 0.8020254915001274, 0.7998439003646225, 0.7674784583480421, 0.7730196596267328, 0.7743151446866942]
-----------------------------------
Configuration: deeplabv3_resnet50 Epochs=20 LR=0.001 BS=4 Loss=BCEWithLogitsLoss
Training Losses: [4.519334435462952, 3.4250147938728333, 2.9341076016426086, 2.488299310207367, 2.6416638493537903, 2.4769307672977448, 2.4048956632614136, 2.2988677322864532, 2.2251860201358795, 2.132649749517441, 2.1140106320381165, 2.0462871491909027, 2.1085947155952454, 2.0377917885780334, 2.0171002596616745, 2.0107056200504303, 2.0391644537448883, 2.0192234814167023, 1.9725957810878754, 1.9815880358219147]
Validation Losses: [157.80602645874023, 3042.2164306640625, 7.980441927909851, 0.8845408856868744, 0.9213285148143768, 0.8656925559043884, 0.47920848429203033, 0.3350897431373596, 0.35466137528419495, 0.33478426933288574, 0.33247238397598267, 0.32310231029987335, 0.3312001973390579, 0.32374991476535797, 0.3193916827440262, 0.319788858294487, 0.3187744915485382, 0.3914092034101486, 0.39624470472335815, 0.32100990414619446]
Validation IoU Scores: [0.1383991241455078, 0.13250732421875, 0.4145069122314453, 0.76336669921875, 0.7057113647460938, 0.5213432312011719, 0.7041568756103516, 0.6793708801269531, 0.6461944580078125, 0.6451930999755859, 0.659881591796875, 0.6575546264648438, 0.6469039916992188, 0.6439762115478516, 0.6472606658935547, 0.6364612579345703, 0.6442241668701172, 0.7562332153320312, 0.7456703186035156, 0.6456451416015625]
Validation F1 Scores: [0.24084954010295953, 0.2315787854651974, 0.585980162009949, 0.865794505989601, 0.8270802549047143, 0.6741999525529014, 0.8257050958684036, 0.8090151076757133, 0.7849783795345633, 0.781925981282918, 0.7913578470035929, 0.7912562373020811, 0.7854841399359223, 0.7823357583112398, 0.7853910701467763, 0.7771188477792756, 0.780003406104307, 0.8610787604600605, 0.8540995804351066, 0.784424193672564]
-----------------------------------
Configuration: fcn_resnet50 Epochs=10 LR=0.001 BS=2 Loss=BCEWithLogitsLoss
Training Losses: [10.25865250825882, 7.792321145534515, 6.307592689990997, 5.232668340206146, 4.8465463519096375, 4.501372337341309, 4.389536276459694, 4.209865629673004, 4.121723249554634, 4.103200316429138]
Validation Losses: [1.483136922121048, 0.48627831041812897, 0.45281656831502914, 0.40139446407556534, 0.35031552612781525, 0.3739856034517288, 0.369087889790535, 0.33817221969366074, 0.3303080275654793, 0.3223337307572365]
Validation IoU Scores: [0.8945407867431641, 0.9026775360107422, 0.8212108612060547, 0.6953392028808594, 0.6643524169921875, 0.7003059387207031, 0.6429328918457031, 0.6445522308349609, 0.6536064147949219, 0.6436862945556641]
Validation F1 Scores: [0.943271785237527, 0.9488283686265302, 0.900178978221985, 0.8190196131882814, 0.7975005483734909, 0.8219042923388282, 0.7788404505766101, 0.7788396875729826, 0.7885675493938591, 0.7785246585250523]
-----------------------------------
Configuration: fcn_resnet50 Epochs=10 LR=0.001 BS=4 Loss=BCEWithLogitsLoss
Training Losses: [4.400245040655136, 3.051659047603607, 2.8057790398597717, 2.501565456390381, 2.3030598163604736, 2.327468514442444, 2.2235082387924194, 2.142434537410736, 2.1006888449192047, 2.059294506907463]
Validation Losses: [7.578162670135498, 0.717229574918747, 0.8775689005851746, 0.8958215415477753, 0.37207987904548645, 0.40025806427001953, 0.375002846121788, 0.34874144196510315, 0.3349413424730301, 0.32759030163288116]
Validation IoU Scores: [0.7270374298095703, 0.8161144256591797, 0.47823143005371094, 0.6299571990966797, 0.6456279754638672, 0.6951694488525391, 0.6393623352050781, 0.6631927490234375, 0.6576690673828125, 0.6401596069335938]
Validation F1 Scores: [0.8403458078534528, 0.8982357524937896, 0.6470278887833039, 0.7729737013047653, 0.7845635519104673, 0.8200986662847097, 0.7795318266521913, 0.7948983046822393, 0.7934858525799587, 0.777628765479807]
-----------------------------------
Configuration: fcn_resnet50 Epochs=20 LR=0.001 BS=2 Loss=BCEWithLogitsLoss
Training Losses: [9.34832426905632, 6.6716490387916565, 6.07285475730896, 4.931792348623276, 4.8561417162418365, 4.4239272475242615, 4.299873545765877, 4.140615165233612, 4.122294187545776, 4.01425889134407, 4.022667124867439, 3.954654812812805, 3.909538522362709, 3.8979819118976593, 3.865578755736351, 3.870663747191429, 3.860852897167206, 3.859830155968666, 3.8774438947439194, 3.854576423764229]
Validation Losses: [0.8995808511972427, 0.6770434975624084, 0.4284784272313118, 0.48613596707582474, 0.3729282319545746, 0.3482555076479912, 0.3675946369767189, 0.32414868474006653, 0.32306646555662155, 0.3200684227049351, 0.3217787891626358, 0.31680914759635925, 0.31664007157087326, 0.3165246620774269, 0.31439676135778427, 0.3152074031531811, 0.3159419447183609, 0.315363310277462, 0.3146382346749306, 0.314128577709198]
Validation IoU Scores: [0.6820888519287109, 0.9181804656982422, 0.8097209930419922, 0.7852115631103516, 0.7029972076416016, 0.6386737823486328, 0.6291027069091797, 0.6371898651123047, 0.6354618072509766, 0.641845703125, 0.6456871032714844, 0.6369228363037109, 0.6373100280761719, 0.6301555633544922, 0.6354045867919922, 0.6355133056640625, 0.6349754333496094, 0.6329765319824219, 0.6338634490966797, 0.6329994201660156]
Validation F1 Scores: [0.8035409594298528, 0.9572205605020132, 0.8944822026849946, 0.8774712169127794, 0.82179176984485, 0.7731875143797952, 0.7710268189104466, 0.7759619038819705, 0.7737836364761655, 0.7768437273908989, 0.7838156899092754, 0.775950191324434, 0.7756424422447071, 0.7702820411218156, 0.7761218932921194, 0.7712832500670677, 0.774439765249039, 0.7743437263432174, 0.7748814760799957, 0.7723414997281545]
-----------------------------------
Configuration: fcn_resnet50 Epochs=20 LR=0.001 BS=4 Loss=BCEWithLogitsLoss
Training Losses: [4.621261775493622, 3.2794484198093414, 2.6965737342834473, 2.698993355035782, 2.508895069360733, 2.2932165563106537, 2.398431181907654, 2.239547997713089, 2.174853891134262, 2.121247351169586, 2.1215169429779053, 2.0926837027072906, 2.040471464395523, 2.045998141169548, 2.0203846991062164, 1.9858515709638596, 1.9791328758001328, 1.9679406136274338, 1.9601357877254486, 1.942592814564705]
Validation Losses: [76.04084777832031, 1.4369928240776062, 0.6024599075317383, 0.57022924721241, 0.6312172710895538, 0.5572381019592285, 0.36837688088417053, 0.337019607424736, 0.33271797001361847, 0.3265978991985321, 0.3258093595504761, 0.32573820650577545, 0.3240087926387787, 0.32202450931072235, 0.32044921815395355, 0.3198171854019165, 0.32229289412498474, 0.318659707903862, 0.3162148594856262, 0.31585824489593506]
Validation IoU Scores: [0.0, 0.9526023864746094, 0.7847175598144531, 0.6837234497070312, 0.7497653961181641, 0.6473941802978516, 0.6736831665039062, 0.6639881134033203, 0.6554031372070312, 0.6605262756347656, 0.6536140441894531, 0.6364345550537109, 0.651458740234375, 0.6490383148193359, 0.6398696899414062, 0.6463699340820312, 0.62548828125, 0.6426181793212891, 0.6365699768066406, 0.6379947662353516]
Validation F1 Scores: [0.0, 0.975725074068881, 0.8793727282623276, 0.8121259881392169, 0.8569885669596393, 0.785948284465501, 0.8046718481700921, 0.7980529347907825, 0.7917871221746844, 0.7954914860535991, 0.790487540254965, 0.7777976440195999, 0.7875968627397657, 0.7846659514348358, 0.7790082515616328, 0.783980522394384, 0.7693709050828212, 0.7817558435981102, 0.7775851836404175, 0.7786486575251776]
-----------------------------------
Configuration: custom_unet Epochs=10 LR=0.001 BS=2 Loss=BCEWithLogitsLoss
Training Losses: [5.991478115320206, 5.849223583936691, 5.413338899612427, 5.021300226449966, 5.068077355623245, 5.550782114267349, 4.990188360214233, 4.777079641819, 4.474858671426773, 4.579438120126724]
Validation Losses: [0.9820379614830017, 10.478392839431763, 0.4756317585706711, 0.3755410462617874, 0.7693142518401146, 0.5491023361682892, 0.5473584979772568, 0.4368136003613472, 0.4097123146057129, 0.562571682035923]
Validation IoU Scores: [0.7388725280761719, 0.016702651977539062, 0.7060451507568359, 0.6365547180175781, 0.4723472595214844, 0.7114124298095703, 0.7052764892578125, 0.6719589233398438, 0.6580715179443359, 0.6423549652099609]
Validation F1 Scores: [0.8496774994898224, 0.032821973783373405, 0.8271276725296117, 0.7767186948837863, 0.6284816873096052, 0.8312500174612928, 0.8270658552231596, 0.8023040463143953, 0.7932546964967077, 0.7809344771620754]
-----------------------------------
Configuration: custom_unet Epochs=10 LR=0.001 BS=4 Loss=BCEWithLogitsLoss
Training Losses: [3.7106775641441345, 3.0367806553840637, 2.7057347297668457, 2.4931591749191284, 2.6762960255146027, 2.594031125307083, 2.511575937271118, 2.295169949531555, 2.5235123932361603, 2.365170806646347]
Validation Losses: [0.6635641753673553, 9.023484945297241, 6.1195456981658936, 0.6270253509283066, 0.6856055557727814, 3.5946574211120605, 0.6506273448467255, 0.5143218338489532, 0.7478037476539612, 0.3521523177623749]
Validation IoU Scores: [1.0, 0.2058238983154297, 0.2501811981201172, 0.6286067962646484, 0.598419189453125, 0.2541618347167969, 0.5937252044677734, 0.6552791595458984, 0.5322818756103516, 0.6385974884033203]
Validation F1 Scores: [1.0, 0.3079552694235303, 0.40017246789208005, 0.7712050627174154, 0.74875698175926, 0.372991817831686, 0.7447435748723058, 0.7915650891316184, 0.6897149547051267, 0.7794428334731132]
-----------------------------------
Configuration: custom_unet Epochs=20 LR=0.001 BS=2 Loss=BCEWithLogitsLoss
Training Losses: [6.9968308210372925, 5.836025595664978, 5.399670422077179, 5.012264966964722, 4.79564169049263, 4.972459703683853, 4.802014738321304, 4.771360874176025, 4.941547751426697, 4.919861972332001, 4.691364198923111, 4.549086004495621, 4.49116924405098, 4.309169843792915, 4.998732417821884, 4.75691494345665, 4.678909495472908, 4.292593061923981, 4.107774406671524, 4.062822014093399]
Validation Losses: [5.495073437690735, 0.41446223109960556, 0.40288908779621124, 0.36260809749364853, 0.3839566931128502, 0.3628717213869095, 0.4052169546484947, 0.3434574156999588, 0.4543718323111534, 0.3710714131593704, 0.3443363904953003, 0.35062727332115173, 0.4472441151738167, 0.36566510051488876, 0.5758258178830147, 0.37034182250499725, 0.34137046337127686, 0.32089143991470337, 0.4030234068632126, 0.3817611336708069]
Validation IoU Scores: [0.23331451416015625, 0.7786083221435547, 0.7491893768310547, 0.6532745361328125, 0.6485233306884766, 0.6491107940673828, 0.7204380035400391, 0.6725292205810547, 0.6244220733642578, 0.6516952514648438, 0.6381492614746094, 0.6708202362060547, 0.64349365234375, 0.6379814147949219, 0.6192092895507812, 0.6640491485595703, 0.6740455627441406, 0.6361236572265625, 0.5863437652587891, 0.6110267639160156]
Validation F1 Scores: [0.37105644396725623, 0.8753172282967309, 0.8560121743605024, 0.7900490691726265, 0.7846435421945743, 0.7847472310727589, 0.8370317212289861, 0.8036473628812226, 0.7625956594870296, 0.7890241099103901, 0.777431707443533, 0.8028561838063651, 0.7827587377303687, 0.777966845948976, 0.7597288529584955, 0.7978556848523564, 0.8051795993356956, 0.7750117906977783, 0.7377861100031962, 0.7559313327853221]
-----------------------------------
Configuration: custom_unet Epochs=20 LR=0.001 BS=4 Loss=BCEWithLogitsLoss
Training Losses: [3.6660067439079285, 2.8740390837192535, 2.6014958918094635, 2.6287542581558228, 2.4361908733844757, 2.3543283939361572, 2.38938570022583, 2.4554064571857452, 2.3224332332611084, 2.3628684878349304, 2.4951472878456116, 2.4289446473121643, 2.225018173456192, 2.395401418209076, 2.4121777415275574, 2.2227940559387207, 2.1476182341575623, 2.2666490972042084, 2.09858438372612, 2.1489357948303223]
Validation Losses: [0.5740562975406647, 1.283521056175232, 0.48266199231147766, 0.5427035391330719, 0.4050280302762985, 0.4019213318824768, 0.4864599406719208, 0.41162413358688354, 0.35932374000549316, 0.35675692558288574, 0.5864951014518738, 0.3828255534172058, 0.36302436888217926, 0.44286784529685974, 0.35278673470020294, 1.7284153699874878, 0.3415940999984741, 0.3342555910348892, 0.3432721942663193, 0.32790282368659973]
Validation IoU Scores: [0.9550323486328125, 0.48177337646484375, 0.9044780731201172, 0.7593441009521484, 0.6975173950195312, 0.6604824066162109, 0.6632881164550781, 0.7064094543457031, 0.6732673645019531, 0.6526031494140625, 0.6401119232177734, 0.664031982421875, 0.6708335876464844, 0.7230033874511719, 0.6517677307128906, 0.24823570251464844, 0.6287860870361328, 0.6585559844970703, 0.6497249603271484, 0.6590385437011719]
Validation F1 Scores: [0.9769888153165216, 0.6344949517807951, 0.9494161339508675, 0.8627873722777395, 0.8212402779959481, 0.7951948122210052, 0.7975468329465871, 0.8275448058920749, 0.8043547070596234, 0.7893904056542402, 0.7805454889569801, 0.7980983224647232, 0.8026140392391226, 0.8392336678691117, 0.7884389343492137, 0.3788573014008106, 0.7719628291958768, 0.7923418176684145, 0.7875459819258517, 0.7942180247968831]
-----------------------------------
